[gd_scene format=3 uid="uid://c8bh6t6hwgv0a"]

[ext_resource type="PackedScene" uid="uid://do5itvih0pwyk" path="res://bumper.tscn" id="1_nccy6"]

[sub_resource type="Curve3D" id="Curve3D_tms4g"]
closed = true
_data = {
"points": PackedVector3Array(-3.3506713, 0, 0.001912117, 3.3506713, 0, -0.001912117, -0.13884091, -4.196167e-05, -11.213192, -3.5129995, -0.00012207031, -0.77212906, 3.5129995, 0.00012207031, 0.77212906, 12.278105, -4.196167e-05, -11.004076, 0.44336033, 1.0371208e-05, -0.73653173, -0.44336033, -1.0371208e-05, 0.73653173, 13.046667, -4.196167e-05, -6.7279487, -2.168271, -0.00012207031, -1.9933491, 2.168271, 0.00012207031, 1.9933491, 13.046667, -4.196167e-05, -2.6835685, 4.3091908, 0.00012207031, 0.0481472, -4.3091908, -0.00012207031, -0.0481472, 9.967368, -4.196167e-05, 9.702511, 6.213852, 0, 1.2560934, -6.213852, 0, -1.2560934, 2.7782278, -4.196167e-05, 1.8182017, 2.6368341, 0.00012207031, -1.2588986, -2.6368341, -0.00012207031, 1.2588986, -11.169321, -4.196167e-05, 1.084263, 0.009754181, 0, -1.341649, -0.009754181, 0, 1.341649, -12.978263, -4.196167e-05, 5.976238, 2.7322226, 0, 0.05739975, -2.7322226, 0, -0.05739975, -14.709156, -4.196167e-05, 10.182997, -0.14573765, 0, 6.339587, 0.14573765, 0, -6.339587, -16.461689, -4.196167e-05, 1.4650171, -1.6370106, 0, 0.21666431, 1.6370106, 0, -0.21666431, -10.601465, -4.196167e-05, -3.3415537, 0.82557106, 0, 2.3322396, -0.82557106, 0, -2.3322396, -8.291376, -4.196167e-05, -6.3983817, 0, 0, 2.7237167, 0, 0, -2.7237167, -14.297658, -4.196167e-05, -9.812936),
"tilts": PackedFloat32Array(0, 0, 0, 0, 0, 0, 0, 0, 0, 0, 0, 0, 0)
}
point_count = 13

[node name="trackai" type="Node3D" unique_id=1146757330]

[node name="Path3D" type="Path3D" parent="." unique_id=2101062577]
transform = Transform3D(1, 0, 0, 0, 1, 0, 0, 0, 1, 0, 1.5862236, 0)
curve = SubResource("Curve3D_tms4g")

[node name="bumper" parent="Path3D" unique_id=409308425 instance=ExtResource("1_nccy6")]
transform = Transform3D(0.0375581, 8.613997e-06, -0.9991411, -1.5394296e-07, 1, 8.612974e-06, 0.9991411, -1.697282e-07, 0.0375581, 2.2621086, -5.500499e-05, -10.992098)
progress = 2.3912845
h_offset = 0.28

[node name="bumper2" parent="Path3D" unique_id=91822422 instance=ExtResource("1_nccy6")]
transform = Transform3D(0.028936991, 6.3943485e-06, -0.99946994, -8.953903e-08, 1, 6.3937237e-06, 0.9994714, -9.5544685e-08, 0.028936949, 1.1794919, -4.679879e-05, -11.63065)
progress = 1.33
h_offset = -0.395

[node name="bumper3" parent="Path3D" unique_id=159859643 instance=ExtResource("1_nccy6")]
transform = Transform3D(0.009197774, 1.8992571e-06, -0.99978894, -8.179071e-09, 1, 1.8989417e-06, 0.99978894, -9.291829e-09, 0.009197774, 0.15373011, -4.2261767e-05, -10.934725)
progress = 0.29
h_offset = 0.28

[node name="bumper4" parent="Path3D" unique_id=1084566633 instance=ExtResource("1_nccy6")]
transform = Transform3D(-0.036068223, 3.4301377e-07, -0.9992154, 9.507617e-06, 1, -8.809551e-13, 0.9992154, -9.502701e-06, -0.036068223, -0.91359496, -4.571768e-05, -11.62457)
progress = 119.42
h_offset = -0.395
