[gd_scene format=3 uid="uid://bfxcokmoxjmdu"]

[ext_resource type="PackedScene" uid="uid://do5itvih0pwyk" path="res://bumper.tscn" id="1_j8lcf"]

[sub_resource type="Curve3D" id="Curve3D_cadft"]
closed = true
_data = {
"points": PackedVector3Array(-3.3942585, 0, -0.037299156, 3.3942585, 0, 0.037299156, -0.11351195, 0.00037622452, -11.254873, -1.6677375, 0, 1.3051863, 1.6677375, 0, -1.3051863, 8.349094, -4.196167e-05, -11.901581, -4.6696615, -0.00012207031, 0.11601639, 4.6696615, 0.00012207031, -0.11601639, 12.867501, -4.196167e-05, -16.62349, 5.2879333, -0.00012207031, -4.3484516, -5.2879333, 0.00012207031, 4.3484516, 10.974595, -4.196167e-05, -6.336756, -0.023895264, 0.00012207031, -2.2972617, 0.023895264, -0.00012207031, 2.2972617, 12.403026, -4.196167e-05, 2.831938, 4.8316135, 0, 0.05368519, -4.8316135, 0, -0.05368519, 9.803163, -4.196167e-05, 13.379799, 4.428978, -0.00012207031, 0.21473789, -4.428978, 0.00012207031, -0.21473789, 2.200487, -4.196167e-05, 8.814952, 5.084502, 0, 0.060967445, -5.084502, 0, -0.060967445, -5.7106113, -4.196167e-05, 13.116731, 3.1989813, 0, 2.6272593, -3.1989813, 0, -2.6272593, -13.548563, -4.196167e-05, 15.55938, 0.21474075, 0, 2.3352792, -0.21474075, 0, -2.3352792, -16.477337, -4.196167e-05, 5.199544, 0.83211136, 0, 1.583696, -0.83211136, 0, -1.583696, -18.319365, -4.196167e-05, -3.1752667, -2.979496, 0, -0.026842117, 2.979496, 0, 0.026842117, -16.326357, -4.196167e-05, -18.027838, -4.7052984, 0, 4.692587, 4.7052984, 0, -4.692587, -6.591551, -4.196167e-05, -1.6718143, -0.42815876, 0, 3.4211779, 0.42815876, 0, -3.4211779, -9.142622, -4.196167e-05, -9.551521),
"tilts": PackedFloat32Array(0, 0, 0, 0, 0, 0, 0, 0, 0, 0, 0, 0, 0, 0)
}
point_count = 14

[sub_resource type="Curve3D" id="Curve3D_f8kit"]
closed = true
_data = {
"points": PackedVector3Array(-3.3942585, 0, -0.037299156, 3.3942585, 0, 0.037299156, -0.12196228, 0.00032234192, -11.184426, -1.6677375, 0, 1.3051863, 1.6677375, 0, -1.3051863, 7.7970085, -4.196167e-05, -12.14962, -4.6696615, -0.00012207031, 0.11601639, 4.6696615, 0.00012207031, -0.11601639, 12.867501, -4.196167e-05, -16.62349, 5.2879333, -0.00012207031, -4.3484516, -5.2879333, 0.00012207031, 4.3484516, 10.974595, -4.196167e-05, -6.336756, -0.023895264, 0.00012207031, -2.2972617, 0.023895264, -0.00012207031, 2.2972617, 12.403026, -4.196167e-05, 2.831938, 4.8316135, 0, 0.05368519, -4.8316135, 0, -0.05368519, 9.803163, -4.196167e-05, 13.379799, 4.428978, -0.00012207031, 0.21473789, -4.428978, 0.00012207031, -0.21473789, 1.9193666, -4.196167e-05, 16.920593, 5.084502, 0, 0.060967445, -5.084502, 0, -0.060967445, -5.7106113, -4.196167e-05, 13.116731, 3.150754, 0, 2.2140436, -3.150754, 0, -2.2140436, -13.829322, -4.196167e-05, 15.358309, -0.078884125, 0, 2.5638225, 0.078884125, 0, -2.5638225, -16.237377, -4.196167e-05, 3.5972922, -1.1731758, 0, 2.1853259, 1.1731758, 0, -2.1853259, -17.34154, -4.196167e-05, -2.7286494, 0.3159237, 0, 1.8546276, -0.3159237, 0, -1.8546276, -16.730934, -4.196167e-05, -13.857202, -2.155136, 0, 0.14374924, 2.155136, 0, -0.14374924, -16.063835, -4.196167e-05, -18.526897, -4.017288, 0, 4.601056, 4.017288, 0, -4.601056, -6.008341, -4.196167e-05, -1.170523, -0.42815876, 0, 3.4211779, 0.42815876, 0, -3.4211779, -9.142622, -4.196167e-05, -9.551521),
"tilts": PackedFloat32Array(0, 0, 0, 0, 0, 0, 0, 0, 0, 0, 0, 0, 0, 0, 0)
}
point_count = 15

[node name="trackai" type="Node3D" unique_id=204778498]

[node name="Path3D" type="Path3D" parent="." unique_id=1313453541]
transform = Transform3D(1, 0, 0, 0, 1, 0, 0, 0, 1, 0, 1.5862236, 0)
curve = SubResource("Curve3D_cadft")

[node name="bumper" parent="Path3D" unique_id=409308425 instance=ExtResource("1_j8lcf")]
transform = Transform3D(-0.052346885, 4.5716213e-05, -0.99851954, 7.273545e-07, 1, 4.573586e-05, 0.99851954, 1.6682167e-06, -0.052346885, 2.2611861, 0.00031715806, -10.883864)
progress = 2.3912845
h_offset = 0.28

[node name="bumper2" parent="Path3D" unique_id=951663918 instance=ExtResource("1_j8lcf")]
transform = Transform3D(-0.043628372, 2.8220664e-05, -0.99894094, 4.24859e-07, 1, 2.8225993e-05, 0.9989417, 8.072169e-07, -0.04362834, 1.2330894, 0.0003563815, -11.61042)
progress = 1.33
h_offset = -0.395

[node name="Path3D2" type="Path3D" parent="." unique_id=758185206]
transform = Transform3D(1, 0, 0, 0, 1, 0, 0, 0, 1, 0, 1.5862236, 0)
curve = SubResource("Curve3D_f8kit")

[node name="bumper3" parent="Path3D2" unique_id=1619597705 instance=ExtResource("1_j8lcf")]
transform = Transform3D(-0.015128602, 6.0156667e-06, -0.999668, 1.2194353e-08, 1, 6.0148627e-06, 0.999668, 7.884044e-08, -0.015128602, 0.16377527, 0.00032143205, -10.900626)
progress = 0.29
h_offset = 0.28

[node name="bumper4" parent="Path3D2" unique_id=1707103317 instance=ExtResource("1_j8lcf")]
transform = Transform3D(-0.07862028, -2.4331423e-05, -0.996793, -0.00010432399, 1, -1.6175934e-05, 0.99679494, 0.00010274034, -0.07862012, -1.0438559, 0.00035523516, -11.624837)
progress = 156.83
h_offset = -0.395
