[gd_scene format=3 uid="uid://tpxqeubjcuch"]

[ext_resource type="PackedScene" uid="uid://do5itvih0pwyk" path="res://bumper.tscn" id="1_dnw7q"]

[sub_resource type="Curve3D" id="Curve3D_j5aep"]
closed = true
_data = {
"points": PackedVector3Array(-3.3506713, 0, 0.001912117, 3.3506713, 0, -0.001912117, -0.2948966, -4.196167e-05, -11.173224, -2.9202728, -0.00012207031, -1.3197393, 2.9202728, 0.00012207031, 1.3197393, 12.417608, -4.196167e-05, -10.226232, 0.87046814, -0.00012207031, -3.8749785, -0.87046814, 0.00012207031, 3.8749785, 16.264507, -4.196167e-05, 0.724794, 2.055069, 0.00012207031, 0.21525002, -2.055069, -0.00012207031, -0.21525002, 11.888239, -4.196167e-05, 5.7472153, 1.8532505, 0.00012207031, -0.36503375, -1.8532505, -0.00012207031, 0.36503375, 7.1708736, -4.196167e-05, 2.265351, 2.8921947, 0, -0.47735214, -2.8921947, 0, 0.47735214, 4.1376905, -4.196167e-05, 6.405254, 0.015923023, 0, 1.6805376, -0.015923023, 0, -1.6805376, 1.6386099, -4.196167e-05, 0.92973953, 0.16847992, 0, 1.6566939, -0.16847992, 0, -1.6566939, 3.0145082, -4.196167e-05, -3.0294774, 0.22463608, 0, 1.7409325, -0.22463608, 0, -1.7409325, 1.3016539, -4.196167e-05, -5.9497514, 1.3753042, -0.00012207031, -0.072031975, -1.3753042, 0.00012207031, 0.072031975, -0.74815273, -4.196167e-05, -8.533071, -0.42119408, 0, -3.8188198, 0.42119408, 0, 3.8188198, -1.2816648, -4.196167e-05, -0.50231725, -4.5208073, 0, -0.28079414, 4.5208073, 0, 0.28079414, 2.3754396, -0.0062795877, 9.381714, -0.10002518, 0, -2.7356253, 0.10002518, 0, 2.7356253, 11.953945, 0.20918655, 11.183725, 3.552782, 0, -0.9932499, -3.552782, 0, 0.9932499, 1.4374738, -4.196167e-05, 13.38973, 0.5898571, 0, 3.1131644, -0.5898571, 0, -3.1131644, -6.4211826, -4.196167e-05, 10.037668, 7.10174, 0, -2.840695, -7.10174, 0, 2.840695, -9.335047, -4.196167e-05, -5.507794, 3.2980957, 0, -1.9981155, -3.2980957, 0, 1.9981155, -9.633661, -4.196167e-05, 6.5286994, 2.8269424, 0, 5.080857, -2.8269424, 0, -5.080857, -17.865019, -4.196167e-05, -4.362237, 0.2292118, 0, 4.4314227, -0.2292118, 0, -4.4314227, -11.387432, -4.196167e-05, -10.973391, -1.8718929, 0, -0.07640457, 1.8718929, 0, 0.07640457, -6.688595, -4.196167e-05, -11.1644),
"tilts": PackedFloat32Array(0, 0, 0, 0, 0, 0, 0, 0, 0, 0, 0, 0, 0, 0, 0, 0, 0, 0, 0, 0)
}
point_count = 20

[node name="trackai" type="Node3D" unique_id=1877565563]

[node name="Path3D" type="Path3D" parent="." unique_id=1716356703]
transform = Transform3D(1, 0, 0, 0, 1, 0, 0, 0, 1, 0, 1.5862236, 0)
curve = SubResource("Curve3D_j5aep")

[node name="bumper" parent="Path3D" unique_id=409308425 instance=ExtResource("1_dnw7q")]
transform = Transform3D(0.015346504, 5.9273466e-06, -0.99970096, 0.00013368973, 0.9999393, 7.979916e-06, 0.99962765, -0.0001338224, 0.015347629, 2.1004772, -1.6736682e-05, -10.923164)
progress = 2.3912845
h_offset = 0.28

[node name="bumper2" parent="Path3D" unique_id=1643783609 instance=ExtResource("1_dnw7q")]
transform = Transform3D(0.015181109, 4.8752554e-06, -0.9997744, 7.434501e-05, 0.9999086, 6.004767e-06, 0.9997091, -7.4433876e-05, 0.0151821, 1.02903, -7.599348e-05, -11.5812845)
progress = 1.33
h_offset = -0.395

[node name="bumper3" parent="Path3D" unique_id=322607782 instance=ExtResource("1_dnw7q")]
transform = Transform3D(0.0059376187, 1.7608728e-06, -0.99976397, 1.621349e-05, 0.9999722, 1.8568608e-06, 0.9997619, -1.6227359e-05, 0.0059376312, -0.003235842, -3.7715265e-05, -10.894256)
progress = 0.29
h_offset = 0.28

[node name="bumper4" parent="Path3D" unique_id=576673917 instance=ExtResource("1_dnw7q")]
transform = Transform3D(0.0051406953, 2.3912497e-07, -0.99982053, -4.6456233e-05, 0.99995095, 2.3998142e-10, 0.99982065, 4.6461057e-05, 0.005140695, -1.1972394, -2.3608409e-05, -11.565663)
progress = 185.5
h_offset = -0.395
